10054
10323
10415
10576
10746
10753
10801
11077
11127
11176
11196
11249
11279
11282
11349
11356
11798
11870
11985
11989
12154
12212
12343
12368
12374
12446
12591
12618
12648
12778
12963
12980
13195
13342
13464
13493
13678
13839
13852
13944
13961
14111
14277
14366
14486
14520
14559
14585
14765
14846
14952
15084
15120
15339
15416
15444
15452
15492
15538
15556
15658
15665
15698
15719
15922
15973
16084
16162
16417
16425
16430
16434
16604
16833
16967
16987
17008
17423
17581
17673
17708
17720
17798
17816
17988
18024
18240
18302
18314
18366
18541
18624
18630
18867
18953
18974
19198
19338
19371
19382
19469
19557
19688
19719
19900
19908
19915
20333
20409
20418
20540
20593
20678
20685
20716
20835
20843
20959
21216
21240
21427
21504
21508
21546
21718
21746
21887
21963
22095
22138
22201
22368
22650
22651
22858
23067
23121
23153
23286
23376
23402
23435
23807
24061
24239
24250
24386
24471
24484
24571
24579
24593
24604
24712
24749
24832
25000
25081
25236
25344
25389
25393
25513
25533
25571
25644
25697
26047
26052
26176
26264
26267
26294
26498
26499
26657
26785
26858
26862
26908
27133
27217
27323
27359
27386
27611
27821
27880
27917
27934
28031
28236
28248
28442
28456
28504
28534
28716
28725
28799
28857
29080
29147
29175
29178
29232
29247
29302
29447
29460
29670
29721
29774
29879
29892
30014
30082
30114
30163
30446
30689
30702
30811
30876
31065
31067
31434
31503
31508
31543
31723
31827
31875
31997
32125
32178
32180
32205
32242
32267
32300
32401
32506
32530
32614
32646
32745
32806
32844
32924
32947
32963
33112
33328
33368
33381
33634
33643
33658
33725
33759
34103
34137
34240
34344
34370
34615
34730
35209
35283
35681
35757
35773
35781
35978
36045
36110
36159
36278
36494
36592
36610
36759
36770
37178
37245
37363
37415
37463
37597
37637
37648
37703
37781
37950
37987
38005
38149
38208
38234
38295
38393
38409
38504
38576
38693
38697
38782
38834
38840
39071
39097
39253
39329
39407
39477
39845
39858
40004
40011
40073
40076
40225
40319
40385
40438
40529
40617
40693
40807
40832
40909
41188
41215
41263
41412
41519
41693
41709
41743
41885
41952
41979
41980
42080
42210
42263
42298
42333
42419
42474
42548
42671
42791
43095
43135
43206
43239
43433
43473
43605
43616
43640
43734
43772
43951
43982
43989
44280
44390
44395
44495
44681
44738
44817
44849
44941
44958
45079
45153
45307
45375
45465
45650
45693
45713
45803
45910
45925
45978
46097
46120
46160
46173
46372
46412
46415
46504
46649
46693
46753
46760
46814
46840
46904
47093
47125
47149
47233
47315
47389
47390
47483
47508
47638
47653
47697
47713
47726
47794
47887
47895
48078
48388
48395
48432
48744
48897
49114
49164
49351
49434
49442
49448
49540
49652
49734
49746
49913
49914
49938
50236
50239
50285
50365
50496
50506
50507
50584
50628
50656
50677
50692
50731
50837
50995
51248
51300
51379
51401
51540
51626
51661
51945
52031
52103
52228
52446
52578
52582
52608
52617
52740
52741
52769
52898
52946
52957
52984
53051
53095
53389
53602
53783
53788
53896
53969
54010
54028
54212
54227
54371
54685
54880
54928
54937
55015
55030
55145
55269
55300
55385
55441
55451
55509
55530
55585
55672
55802
55819
55834
55862
55943
56096
56109
56321
56440
56463
56530
56670
56913
56952
57010
57027
57244
57266
57312
57345
57452
57489
57730
57911
57972
58028
58215
58240
58255
58273
58284
58483
58532
58820
58894
58962
58980
58981
58987
59018
59165
59182
59391
59443
59523
59873
59959
60010
60076
60178
60198
60313
60370
60392
60718
60748
60765
60818
61122
61206
61243
61264
61446
61473
61539
61544
61564
61595
61602
61772
61789
61860
61915
61947
62565
62586
62597
62625
62853
62899
62900
63073
63185
63333
63336
63515
63666
63689
63777
63792
63846
63868
63959
63961
64016
64070
64363
64430
64431
64609
64757
64945
64952
64962
64979
65148
65197
65508
65602
65635
65666
65711
65769
65785
65817
65851
65949
65961
66023
66058
66092
66099
66224
66229
66371
66411
66490
66582
66614
66639
66763
66900
66967
67033
67090
67204
67265
67281
67564
67641
67731
67751
67754
68025
68050
68208
68259
68301
68344
68417
68461
68478
68543
68557
68604
68777
68929
68979
69076
69133
69178
69357
69361
69510
69524
69610
69647
69814
69828
69851
70031
70204
70262
70331
70370
70656
70760
70941
71057
71082
71237
71265
71316
71402
71487
71609
71613
71713
71898
71949
72035
72049
72393
72567
72642
72688
72713
72718
72733
72873
72971
72994
73098
73150
73170
73186
73378
73603
73685
73780
73935
73986
74158
74252
74285
74295
74578
74599
74621
74726
74772
74792
74858
74901
75099
75242
75392
75418
75495
75561
75642
75946
76256
76282
76357
76382
76384
76429
76459
76471
76632
76646
76688
76704
76850
76966
76993
77073
77097
77408
77440
77545
77580
77694
77729
77843
77928
78052
78073
78281
78419
78442
78467
78789
78845
79087
79378
79462
79589
79629
79927
80121
80179
80281
80423
80432
80444
80464
80675
80677
80760
80986
81054
81067
81122
81151
81176
81205
81270
81287
81393
81464
81669
81867
81879
81888
82028
82052
82147
82260
82384
82429
82435
82716
82935
82959
82973
83131
83211
83346
83376
83446
83596
83650
83790
83858
83883
83929
84111
84164
84178
84209
84337
84471
84487
84545
84551
84633
84657
84704
84712
84718
84829
84963
85241
85271
85282
85424
85446
85485
85678
85701
85726
85735
85989
86070
86120
86139
86161
86399
86454
86512
86697
86881
86999
87083
87138
87271
87356
87696
87697
87783
87936
87969
88032
88135
88281
88289
88319
88397
88660
88690
88691
88710
88982
89068
89139
89199
89264
89580
89700
89724
89741
89795
89848
89920
89995
90007
90158
90360
90463
90743
90803
90837
90937
90961
90984
91161
91228
91239
91317
91349
91354
91585
91599
91635
91669
91794
91833
91982
92027
92063
92252
92407
92409
92508
92532
92762
92873
92998
93241
93774
93878
93978
94036
94052
94063
94256
94358
94550
94629
94700
94799
94815
95031
95089
95457
95485
95611
95691
95704
95705
95885
95900
96038
96042
96198
96221
96573
96601
96628
96843
96980
97038
97073
97083
97099
97146
97220
97324
97402
97519
97542
97551
97636
97723
98003
98025
98132
98142
98310
98422
98452
98508
98654
98686
98778
98781
98808
98914
98933
98938
98970
99210
99212
99317
99332
99380
99686
99764
99803
99883
